5.827292 11.009167 44.783544 10.005623 105.188956 41.419696 61.977282
5.933663 11.067510 44.815423 5.648172 110.316737 26.361373 69.755165
5.684217 11.064016 44.804279 5.142879 230.452474 54.845262 130.420706
6.056404 11.125362 44.752013 8.995906 129.315834 59.119095 102.508264
6.445814 11.131687 45.056069 10.132656 288.657708 43.934083 -127.574423
6.182633 11.150197 44.755725 8.633704 132.169003 30.704878 52.456386
6.120717 10.972850 44.826261 3.416461 126.139077 26.755054 117.719885
6.016276 10.958620 44.793737 9.322990 107.897841 33.090394 65.979649
5.782081 11.063979 44.794680 9.252823 110.038378 26.897108 80.316231
5.411650 10.981063 44.841397 12.389206 86.904423 40.838694 47.926123
5.654674 11.092888 44.854893 11.668582 134.797254 28.202922 -75.849022
5.930298 11.125265 44.805278 4.453945 117.851678 34.707493 52.006852
5.771573 10.983619 44.796918 6.592602 222.971489 75.473611 -40.149461
5.981742 11.176652 44.808320 2.291928 126.756566 40.230206 96.602092
6.036441 11.240242 44.772983 9.465808 122.104850 22.975405 62.707932
6.114378 10.991384 44.640530 4.290536 95.372502 38.505372 119.585849
5.977827 11.003078 44.830442 7.237261 133.700076 51.416356 -83.500889
6.060364 11.216978 44.821794 14.756101 170.054981 83.432186 15.033256
5.560267 11.144908 44.851394 11.345001 104.455980 27.760041 120.962778
6.117210 11.017844 44.813038 4.538139 102.862462 25.518400 117.508240
5.831790 11.122523 44.842451 11.081439 134.350740 23.388995 55.929963
6.123106 11.036678 44.723037 14.630433 21.091551 48.211737 84.338310
5.988918 11.164639 44.841741 9.531411 106.589985 23.980921 60.711038
5.804448 11.148486 44.849106 6.980621 331.446293 33.384990 82.330164
5.759662 11.100336 44.875888 10.998251 126.521491 23.997820 45.268708
5.977723 11.075373 44.883330 8.027281 127.010821 26.890164 94.267640
6.490703 11.100571 44.746210 4.654023 101.297425 30.961313 51.988142
6.412103 11.037062 44.683984 13.376370 103.220989 39.594780 90.378781
6.084059 11.103327 44.776515 10.810481 109.822954 24.806247 125.412232
6.136098 10.969651 44.770344 13.417157 110.692549 31.583973 103.755274
5.619331 11.122754 44.812122 8.885628 132.114779 29.409916 51.978850
5.713783 11.160585 44.841397 4.472381 92.525681 29.375869 128.756798
5.679833 11.119040 44.773170 14.173839 132.376045 22.276345 134.427421
6.144605 10.875236 44.785615 13.755327 72.833163 24.777180 52.494409
5.914537 11.088599 44.887249 14.369939 95.488956 34.838780 107.649874
5.756502 11.066549 44.964786 6.026125 121.278147 30.066951 130.190589
6.014195 10.917572 44.798282 7.426498 52.965858 37.319366 68.351661
5.383142 11.103831 44.795989 5.435218 106.426984 26.804551 69.729220
6.037162 11.059480 44.829963 11.055098 90.523152 32.746254 48.869403
6.299572 11.127617 44.789211 11.271723 93.012260 36.956803 122.381971
5.722433 10.960010 44.887465 9.103484 109.276210 51.280036 96.133288
5.982293 11.018103 44.749972 18.451771 79.619783 69.038432 -76.347573
5.760085 11.157413 44.827210 6.914533 142.625782 73.147549 29.693898
5.952703 10.986022 44.855790 3.176658 131.295150 29.332492 123.694831
5.981701 11.042646 44.832561 7.075137 37.834332 63.632233 -10.897723
5.434881 11.126789 44.869541 15.836271 126.463032 20.299373 83.496998
6.259662 10.836309 44.794756 9.067113 85.875744 23.247050 62.043784
5.888894 11.163096 44.941797 14.275803 131.156229 30.782939 50.710027
5.895645 10.838331 44.847099 7.338603 72.547550 25.600400 113.811043
6.247197 11.108056 44.744922 11.562607 122.966538 24.792396 132.636967
6.239467 10.973737 44.826635 5.627257 121.538295 32.878950 100.209598
5.829944 11.007744 44.847158 11.379147 109.446513 26.987117 78.357385
6.433981 11.178419 44.896174 16.026045 90.717216 33.945667 123.165486
5.805546 11.028900 44.959173 12.984639 127.116422 37.678337 77.695196
6.031865 11.126704 44.866481 7.843514 115.762409 33.545792 81.168303
6.354509 11.128198 44.847205 18.290187 113.393510 37.265421 102.191171
6.178109 11.001280 44.844686 5.291822 128.624431 63.048564 -30.538525
5.847557 11.071776 44.877602 12.084207 105.526648 46.257264 68.616977
6.219578 11.069269 44.808939 7.842232 91.742722 84.697513 21.967490
6.315100 10.940362 44.881280 9.623207 335.272142 58.435087 -81.255981
5.701988 10.989377 44.731466 2.704609 107.098093 29.911534 79.962283
6.226898 11.004132 44.685588 5.850925 122.298133 39.457904 46.460219
6.215444 10.954321 44.888150 8.964243 115.074758 34.272170 46.309478
5.922639 11.035630 44.806790 7.301480 238.088968 35.748648 130.903338
6.017339 11.147933 44.866683 6.640689 279.588651 77.536102 80.214413
6.029296 11.154805 44.797923 8.067311 32.849527 73.187462 174.734243
5.998285 10.899419 44.834958 1.981084 50.163034 22.334510 109.420009
6.238086 10.954425 45.009083 10.563119 111.038982 32.056445 67.104265
6.196104 10.940419 45.019408 11.215431 69.713809 36.772584 59.555494
6.505445 10.619335 44.932716 8.111685 159.318929 27.783753 129.428734
6.237256 11.013481 44.902393 5.895339 95.732771 23.212504 88.288740
6.147573 11.048914 44.930776 4.931443 119.667497 37.859240 76.726767
6.116543 10.818734 44.866352 4.857854 65.658900 23.709295 100.866776
5.927920 11.100470 44.922478 10.033181 111.468875 27.197070 89.581710
5.862688 11.005141 44.821270 12.864271 133.684728 31.632672 77.260948
5.810072 11.031880 44.835059 9.815818 107.696684 24.565655 96.390708
5.372122 11.062300 44.885713 5.343054 128.945917 22.564309 95.184674
6.575043 10.977336 45.007471 6.928049 239.614618 56.556781 15.611981
6.168477 10.973093 44.750343 6.948718 233.173428 30.015444 107.240177
6.219868 11.043886 44.733618 11.273021 55.242848 82.644903 12.509958
6.130773 11.103383 44.868903 14.097294 359.071785 37.766573 37.111476
5.396845 11.060420 44.820489 12.922446 160.021726 56.211402 87.713672
6.279068 11.208492 44.869071 10.905014 133.466930 29.933554 122.411719
5.451576 11.009277 44.831537 4.958482 90.725961 38.178434 127.498548
5.686272 11.095125 44.919611 7.682448 117.850313 32.063841 115.836600
5.775564 11.040646 44.860751 5.377251 134.071824 21.750758 134.472511
5.641010 11.122176 44.735915 3.766368 302.710263 31.868020 91.567829
6.148508 11.080607 44.678991 6.724318 133.627663 23.284713 66.635762
5.528671 11.063251 44.835202 12.904948 110.449574 27.663990 47.377983
6.473616 10.916930 44.736120 11.378543 88.077893 31.786399 113.383033
6.211230 10.942614 44.748866 3.795429 93.087489 32.881882 80.639807
6.441648 11.012529 44.751609 9.534657 110.954761 30.813707 108.251279
6.179558 11.080015 44.975628 4.335051 134.081308 30.266110 72.668420
5.928433 11.079024 44.844286 12.428409 130.556127 36.393193 106.944342
6.314838 10.887453 44.732221 9.139543 68.259702 49.029370 60.326526
5.966428 11.160082 44.817975 15.226805 91.639583 28.544236 121.761958
5.784280 11.122195 44.816276 13.760806 60.744597 88.771434 1.837569
6.489410 10.985826 44.836967 4.597782 97.234994 29.851578 125.667978
5.511908 11.192150 44.861412 9.304158 60.452094 69.116319 69.340014
5.259292 11.109749 44.861830 11.563301 116.104928 68.624119 -168.233870
6.128689 10.865932 44.928461 10.663602 139.816508 33.241801 72.201782
5.825400 11.015106 44.822216 7.699793 93.947992 29.771087 81.501891
5.856215 11.040532 44.798526 8.874291 253.730528 25.786235 86.858252
5.835511 11.237471 44.875109 6.716061 7.881935 36.311281 -146.768196
6.535971 11.220842 44.894585 8.740188 93.850675 20.861065 89.036171
5.578592 11.016562 44.899647 10.577801 117.651527 63.302294 153.699834
5.747274 11.019590 44.794089 7.054005 94.710650 23.787288 80.099514
6.479338 11.213278 44.856883 8.074554 93.062635 28.657554 71.521306
5.780316 10.955084 44.757699 4.404391 285.021071 66.000298 -24.525553
5.937924 11.005559 44.821016 13.253635 112.918625 22.980417 95.646224
6.384971 10.951024 44.895638 6.367679 304.161060 60.893129 150.916870
6.167214 10.989363 44.686872 5.414164 282.616690 31.253680 77.305973
5.734116 11.094790 44.830665 3.998518 132.856429 23.990656 53.594782
6.402601 10.967701 45.017663 8.891685 105.625534 35.977604 132.539122
5.925626 11.141857 44.758782 4.096965 90.420203 21.900183 89.020385
5.926380 11.018990 44.862770 7.851783 103.344686 23.531487 52.414203
6.457030 10.985822 44.817737 11.448138 95.992871 25.081878 80.985488
6.343391 10.944004 44.838307 5.096123 95.024639 22.065028 101.451754
6.332604 10.847987 44.972341 4.799374 354.229827 45.338192 -109.952514
5.957857 10.956579 44.924773 10.458321 75.749226 32.941708 116.070711
6.124927 10.935696 44.887670 8.670327 115.379603 56.750670 79.236834
6.189234 11.211967 44.965254 9.255740 126.081213 41.549087 -176.090052
5.843911 11.058296 44.870469 10.707830 133.466583 39.084129 81.109264
6.147741 11.125834 44.950129 14.246342 92.961707 21.921486 67.020285
6.325920 11.227174 44.780591 4.292778 278.753875 35.823689 71.646846
5.923022 11.076381 44.937819 5.531219 114.457626 24.622055 59.654036
6.011172 11.168818 44.781222 10.153116 129.467207 36.430612 83.540782
6.339934 11.299607 44.803789 3.196740 120.514297 50.730060 125.958173
5.950546 11.226013 44.946737 13.704161 96.756982 27.041844 104.766209
6.454797 10.994700 44.813606 10.313515 99.179139 43.192900 93.958527
5.472171 11.037179 44.866876 6.619370 98.760935 24.408737 50.729974
5.954928 11.093543 44.719575 13.782643 19.727786 47.658632 97.659501
5.742094 11.000952 44.769133 5.560775 131.210454 38.852529 118.105475
5.775723 11.106761 44.800919 9.474375 170.758499 36.541355 -20.391084
5.577849 11.141094 44.815229 8.061372 90.813733 22.376096 55.518131
6.246913 10.880898 44.922738 9.440871 83.692323 29.309296 126.581527
5.738195 11.086729 44.925528 5.128106 128.267584 31.596679 52.376083
5.963206 11.050088 44.895585 4.164301 93.590063 26.490524 94.258822
5.722268 10.981100 44.810562 2.745487 96.230895 37.869691 110.587004
6.054375 11.062721 44.901961 4.520513 117.765181 31.217385 91.565293
5.961487 11.125950 44.835043 8.418816 6.756483 52.996668 -120.288812
6.244615 11.186401 44.904993 3.961006 116.485725 36.901415 98.731235
5.895397 11.035806 44.864316 8.221667 108.016188 86.278018 -174.009368
6.056828 11.227060 44.887761 4.765265 253.158480 71.892106 -121.908013
5.907530 10.942496 44.783105 4.843249 93.198440 43.849975 119.750679
5.856366 10.958843 44.838468 3.552083 96.686444 38.022772 130.870547
6.094599 11.059320 44.763416 16.337146 118.562397 37.038137 69.609268
6.152889 10.905342 44.874039 9.274247 249.449566 57.883273 82.616110
6.020432 11.197641 44.967545 3.324438 358.985970 57.920514 -15.083628
5.379400 10.992325 44.876708 11.419397 103.577245 26.157138 95.232825
5.682910 11.097909 44.794866 8.852863 152.931388 48.511276 63.460305
5.899920 11.180184 44.830561 13.954750 202.000689 10.566623 88.112732
5.645119 11.023409 44.840657 9.044679 105.444621 27.769734 69.673821
6.341154 10.853617 44.952714 12.396744 34.767818 14.276571 139.053724
5.747241 11.048112 44.895317 12.099017 144.718438 83.469148 134.164499
6.130917 11.080820 44.812543 8.843085 98.171486 39.662398 58.226049
6.196350 11.011596 44.845784 5.861821 145.287048 49.603630 -104.553314
6.081332 11.097748 44.736306 5.377420 57.292885 55.848497 82.540593
6.374055 11.182966 44.793894 4.578045 77.652819 31.672865 -61.235998
6.013462 11.129059 44.852794 8.723206 267.656995 22.796698 56.664975
5.955778 11.068129 44.879458 12.793797 128.838000 22.417225 116.189068
5.673297 11.187868 44.816852 10.736548 289.548383 62.686765 178.720480
5.250204 11.085420 44.800208 9.194445 323.914739 54.077845 -74.876693
6.088697 11.097855 44.726592 9.657987 128.457923 23.592895 67.849099
6.448613 11.059950 44.833570 9.935004 316.589829 25.628214 66.497657
6.450071 11.261486 44.807762 7.201542 114.054335 38.334863 95.851501
6.256986 11.108538 44.861579 10.945919 103.771072 33.430620 84.510517
5.858479 10.934918 44.909109 13.050844 212.844087 35.533431 87.389028
5.745176 11.034516 44.817204 8.683955 286.748341 48.250958 -38.402358
6.023701 10.986569 44.696908 10.706154 122.147230 51.277803 129.433390
5.467869 10.956507 44.918539 11.599687 349.157944 54.358280 45.842871
6.538974 11.082681 44.963978 9.083263 112.321485 36.255776 72.877182
5.809055 11.098996 44.892721 7.354563 124.069348 26.245201 -110.697942
5.961190 11.080175 44.869234 9.876901 103.288719 36.407318 124.014263
6.467181 10.863624 44.894411 12.354394 176.164175 69.792523 -42.933242
5.680377 10.948285 44.815592 12.021196 264.685579 43.225005 80.004261
6.147070 11.100270 44.781687 3.220209 130.782345 69.834553 114.721836
6.420966 10.798625 44.781318 5.055239 46.811867 28.449476 71.556447
6.248413 11.021131 44.801066 13.264200 302.978374 56.109779 57.531792
5.539676 10.961703 44.797613 2.420106 149.013977 62.042246 -88.779426
6.028672 10.915025 44.862962 8.646817 296.580731 28.815564 -106.536198
5.819293 11.117182 44.796622 2.009065 134.283110 26.463085 69.169204
5.728005 11.013135 44.746796 7.016346 227.596608 45.073203 101.019195
5.938996 11.232623 44.825771 4.836957 135.442055 58.052574 -74.774659
5.525946 11.060518 44.853656 9.414583 115.954997 22.100084 115.086257
5.953986 11.020634 44.754598 2.909089 102.697866 38.763342 -118.501742
6.192273 11.115838 44.926447 12.556885 110.873601 38.214478 134.948036
6.053943 10.970778 44.820804 10.276294 96.145749 34.355107 75.281734
5.896942 10.973685 44.837406 16.254408 114.370314 25.987938 85.177799
6.065055 11.081733 44.882740 8.283530 207.137029 49.276079 -47.208926
6.134886 11.137144 44.806377 9.341984 134.158564 49.153076 66.791738
6.681814 11.071366 44.710209 7.015684 121.827974 27.071520 98.324250
5.773375 11.039215 44.853114 19.808156 66.063466 84.899817 -146.464871
6.407285 11.256318 44.762111 5.472845 277.364465 55.483532 89.431308
5.221780 11.027038 44.847170 5.363595 120.531298 22.190402 72.173551
6.280674 11.042751 44.859564 7.120201 252.438638 56.914343 -52.936060
5.939987 11.115562 44.899115 12.313716 108.379069 50.374206 128.830886
6.126855 11.188055 44.938472 13.893517 110.734251 30.850412 113.226328
6.550155 11.086359 44.797913 14.384956 65.568643 46.065764 -106.093426
5.957384 11.154102 44.804621 7.055385 117.813424 32.071959 81.653310
6.461995 10.903136 44.832835 8.320928 283.061724 43.031100 129.768129
5.894689 10.926063 44.870367 8.477967 92.029728 42.405218 -95.008686
5.857174 11.270982 44.793713 7.485311 261.391544 40.956157 128.685692
5.970257 10.982697 44.885776 6.026474 128.731439 35.348696 59.787736
6.290273 11.130042 44.971233 6.646018 119.496157 32.569292 77.933137
5.787411 11.013000 44.805185 10.481145 101.307872 35.661663 50.661499
5.311677 11.053658 44.897818 6.441063 117.546244 87.237649 20.897808
6.279472 11.010700 44.920436 6.665122 111.472188 31.850456 129.409291
5.539025 11.043247 44.837053 12.863695 219.023733 28.795292 -119.344148
6.041203 11.041997 44.791326 10.060084 85.481117 89.487769 -95.509097
6.248156 10.995784 44.821148 8.166397 25.614789 38.698056 72.518605
5.570124 11.131802 44.848262 8.135562 125.799645 79.792255 104.451282
5.745163 11.068594 44.846942 8.125635 114.568603 20.307583 117.749257
5.875772 10.994957 44.820801 13.645329 156.499763 52.015706 -58.288346
5.689567 11.081766 44.885124 6.865154 132.714351 32.516332 59.435728
5.955973 11.143391 44.877516 9.250982 103.434325 41.335369 95.586264
6.283504 11.185176 44.680019 10.243390 173.022776 23.603728 -82.289303
5.595560 11.047275 44.899249 7.717920 130.638327 24.777751 120.578578
5.800097 11.044301 44.860018 7.403324 358.991415 44.300197 67.099324
6.485881 11.195173 44.870462 15.678341 121.322992 57.463801 130.115244
6.280951 10.870300 44.794269 7.854000 87.304034 29.053035 110.306523
5.794576 10.992204 44.859773 6.746985 59.292968 84.552838 -40.583469
5.994993 11.096968 44.800023 2.482643 110.873958 40.580948 71.394499
5.894032 11.000245 44.790663 15.509604 113.110606 23.435989 126.283715
6.448523 11.100453 44.925546 9.855287 38.190483 68.655696 6.742265
6.439434 11.022355 44.842067 12.973406 97.195750 34.746977 101.282326
5.876663 10.988834 44.949729 11.530740 244.925667 40.319728 -49.192956
6.080051 11.026304 44.757457 8.338902 127.769215 31.471795 128.124994
5.983849 11.191067 44.713104 9.791292 184.013957 41.667001 85.055137
6.243812 11.231875 44.924884 13.579028 16.236949 57.204591 -37.745657
5.624710 11.148090 44.960575 12.224310 127.889210 30.007722 110.137635
5.749871 11.102167 44.899484 6.469970 132.184410 33.352304 78.536048
6.050135 11.249296 44.817670 8.259334 208.122261 58.239429 73.062377
6.237690 10.909060 44.797805 18.435231 49.177016 26.760900 133.901225
6.502873 10.987370 44.526695 17.655128 291.378201 55.578791 120.116448
5.829372 10.923836 44.832833 8.432874 129.781408 32.613289 128.277066
5.890290 11.058981 44.910776 6.303151 128.004778 10.266820 61.181509
6.174285 10.978037 44.807255 5.249179 321.696921 51.007034 132.754717
6.288726 10.903942 44.920232 13.975160 195.409946 52.859191 -115.973487
5.569219 10.974978 44.815845 10.984017 99.781784 49.296453 134.116324
5.871440 11.049240 44.859590 7.960989 136.110334 22.436264 -59.367707
5.441791 11.051360 44.812427 13.890096 125.142037 39.762405 -125.549367
5.956080 11.149693 44.894086 10.101293 114.118129 57.304394 58.409916
6.013048 10.974321 44.898060 9.949386 216.728812 75.949544 103.134827
6.267358 11.031632 44.931500 4.734372 121.678547 35.144968 75.579962
5.971714 11.133829 44.857645 11.496249 126.044932 28.339840 99.603000
6.209900 11.004499 44.929469 7.692482 132.014737 28.272261 63.257735
6.019872 10.882280 44.758461 6.725477 302.549383 37.020325 92.695734
6.125240 11.271987 44.754296 6.102240 234.444687 58.041524 90.843594
5.908143 11.079962 44.791817 11.909879 103.582748 29.057408 65.968818
6.116751 11.019507 44.758324 8.826929 86.544124 87.261522 179.379622
6.080170 11.152076 44.978537 14.823350 93.651331 33.390621 54.504566
5.854262 11.149027 44.849728 4.558866 100.858835 19.840424 -7.356802
6.303711 11.138966 44.825851 5.407920 133.187122 21.716066 70.033772
5.596313 11.128516 44.918016 6.568214 258.650121 41.518843 -29.806807
6.450182 10.817106 44.808756 10.328408 9.565333 71.850277 156.822341
5.645759 11.010322 44.865894 8.240849 56.114991 83.428023 -36.761922
5.513272 11.052992 44.820656 9.266755 93.872981 59.291497 98.133460
5.356929 11.093118 44.877922 8.254720 131.120738 69.413984 -5.179040
6.039891 11.000878 44.810128 12.074023 158.623465 49.866485 -85.781739
5.783848 11.077665 44.854924 6.611012 314.092354 47.370399 -135.414685
6.409212 10.957877 44.713666 4.335721 117.230500 42.790025 65.869095
5.732667 10.965856 44.788528 7.934416 116.301778 21.317973 94.672369
6.190566 11.174797 44.933729 7.191327 284.219706 38.604252 -32.011266
5.882195 11.155133 44.842928 7.196613 100.288129 34.610906 87.282553
6.109496 11.140680 44.840933 15.865496 104.710949 33.962980 68.181400
5.863720 10.997171 44.796536 6.163036 4.361123 24.448528 70.072408
5.809438 11.027817 44.811533 4.885740 106.699262 23.249524 97.988406
5.969876 10.908502 44.922115 5.981970 74.042983 35.687585 65.191725
6.669699 10.986680 44.826368 4.079733 169.185280 48.918621 131.983161
6.148173 11.148632 44.852490 8.193364 92.276391 30.343986 99.210638
6.116247 11.104056 44.857892 9.961706 104.604590 29.389905 107.448106
5.556902 11.067707 44.868283 12.701110 111.384766 43.264200 94.365423
6.251188 11.089886 44.925542 8.781839 311.804675 12.752979 102.622180
5.995556 11.087371 44.760407 9.889380 309.183063 51.948922 -0.511565
6.209907 11.130450 44.759055 9.242088 121.096970 23.037548 118.718894
5.957806 10.997338 44.917916 12.840838 99.664626 28.404505 89.586637
5.948107 11.163863 44.934844 8.775843 215.066366 67.744977 51.982633
5.686806 11.140389 44.833967 6.314453 116.766554 33.408391 101.780528
6.228076 11.131820 44.726517 3.611803 112.098601 40.007368 80.327899
6.013090 11.025790 44.801151 3.614404 134.291131 37.465210 64.831479
5.735082 11.091233 44.858753 4.073234 109.881501 34.516898 48.907518
6.109866 11.155192 44.939300 3.837296 59.726215 42.174098 84.484443
6.370239 11.034466 44.756681 4.944189 141.698884 74.202360 6.869388
6.224017 11.184801 44.979138 5.210758 119.656261 50.379890 101.166048
6.087663 10.968033 44.926725 7.412474 114.749308 38.385485 129.697762
6.017999 11.061316 44.864958 10.744016 301.881489 69.291918 84.316974
5.904681 11.139676 44.876545 10.057260 3.258736 88.231400 -175.700448
5.641186 11.044731 44.794442 4.098407 266.921023 19.745579 118.921656
6.103071 11.057270 44.728489 9.135888 97.827161 21.563112 124.476151
5.976991 11.139152 44.932568 7.099299 240.424804 27.352998 -69.102956
6.036226 10.951241 44.835040 4.131611 137.040217 83.765838 2.723706
5.717411 11.076455 44.802925 10.930944 326.303846 61.423675 37.875772
5.648278 11.112952 44.900808 10.392624 124.759100 27.465050 48.247646
6.140526 11.044811 44.855768 4.551978 69.271627 35.836089 67.217850
5.553894 11.164618 44.907157 2.850055 90.202247 31.247095 81.454625
6.153223 11.170857 45.057940 6.411765 116.996096 33.007935 75.077093
5.847170 11.159169 44.819809 9.676004 108.042315 37.271131 97.642457
6.673310 10.964937 44.884481 12.917583 119.950457 37.104970 61.991291
5.937478 10.952774 44.737219 11.929955 191.910279 20.523700 -55.843662
6.167975 11.066032 44.909879 15.881039 96.282716 35.818504 63.688192
5.713384 11.110072 44.910804 4.827729 112.824213 21.798654 116.347540
6.324938 11.030048 44.958026 7.689438 96.275214 27.888774 99.768333
6.323438 11.235814 44.935086 5.237270 80.567374 28.596356 113.929653
5.895259 11.004475 44.849609 10.653514 190.034183 53.790341 54.740735
5.805509 11.231795 44.862447 8.624000 120.481416 24.569537 73.867119
6.138963 10.873081 44.742329 2.030478 74.949013 26.949411 134.148366
6.159469 10.997991 44.879406 7.925001 76.595192 41.213845 82.056628
6.238520 11.063307 44.884871 9.799325 42.546293 85.752757 156.385785
6.131629 11.117749 44.953727 5.672482 58.130275 55.770822 91.779570
5.855511 10.921408 44.837824 5.059045 212.051742 51.072229 -153.073518
5.424961 11.129408 44.873659 6.494487 35.410578 82.294132 -33.354903
5.664166 11.088343 44.874269 6.247242 116.102954 27.913038 116.920491
5.876714 11.054320 44.852622 3.338353 98.711980 33.358824 85.891894
6.802523 11.315342 44.675319 5.402782 340.166908 29.360462 96.417464
5.791260 11.043310 44.825906 5.288447 131.568252 44.295851 -101.453841
6.178828 11.016097 44.883201 5.909685 101.662657 24.643627 78.431911
6.013309 10.988377 44.793557 6.695155 111.787634 46.159145 91.618927
6.276318 11.054038 44.928399 9.388415 122.349802 34.639310 105.064031
5.895823 11.033146 44.808520 5.284886 108.623096 56.344968 164.407962
5.797249 11.065565 44.803471 7.793006 132.029220 24.350288 125.810441
5.851432 11.146247 44.865084 1.715931 110.823342 21.216849 59.063601
5.803799 11.073731 44.868521 9.240195 312.562813 60.074963 61.203089
6.257468 10.944387 44.789618 10.705151 291.649005 47.214145 126.381205
5.693224 11.087377 44.895955 4.921593 262.977574 38.212652 58.923125
6.129834 11.114033 44.837045 12.884506 115.424998 33.642809 116.500268
5.605033 11.112981 44.851671 9.022071 134.236978 31.371284 128.899300
5.509919 11.035743 44.873801 5.227258 344.133478 25.354371 129.425896
6.244402 10.900112 44.764092 12.119455 75.272991 25.363110 69.360096
6.287088 10.986290 44.944712 11.410309 97.360139 31.915754 58.954630
6.008076 11.051531 44.857585 7.105362 97.251221 22.735956 131.508206
5.993444 11.072996 44.875309 11.152384 355.544881 43.883069 -53.701446
6.483644 10.930146 44.889003 5.333400 99.809451 38.991233 91.485897
6.185053 10.732693 44.807921 8.679662 191.541434 73.927100 13.873057
6.137804 10.897437 44.890285 9.059409 69.381680 37.049893 124.178438
5.781642 11.141821 44.855454 7.115287 122.638434 30.839646 83.241882
6.179501 10.941989 44.822639 2.942814 116.643561 56.730839 65.855182
6.268400 11.201091 44.913773 13.768791 126.853834 81.662539 172.560487
6.102721 11.093086 44.802024 10.789585 217.456982 12.721967 92.463710
5.866701 11.092406 44.862028 7.275169 290.644365 52.731581 100.244614
6.069064 11.125393 44.846492 5.457462 55.066106 30.228386 63.608726
6.132442 11.233792 44.746504 9.854410 107.909553 32.065255 106.704618
5.988872 10.861074 44.907879 8.892642 65.588142 23.289435 122.930562
5.943917 11.200189 44.890751 9.886173 342.202257 26.660444 -32.647224
6.438775 10.988117 44.891875 7.249012 170.726427 12.385154 -130.956563
5.495361 11.051899 44.778469 4.322215 44.904353 46.679343 164.923128
6.122710 11.076634 44.743498 5.072733 91.788657 25.869597 104.300106
6.259586 11.051838 45.055740 10.112112 54.084381 45.957658 -56.554920
6.199724 11.015482 44.741404 18.745150 97.564589 27.911632 92.154373
5.758846 11.122640 44.837114 13.636713 75.827007 45.195980 -131.889501
5.862560 11.110481 44.765587 3.401462 133.785332 27.448655 83.140460
6.053880 10.918162 44.849102 11.830863 345.525072 20.493831 90.810038
5.907243 10.901728 44.879680 11.545966 53.866392 25.321115 118.977969
6.542905 10.944428 44.786618 4.586933 126.354034 21.723737 74.823567
6.232085 11.061543 44.954412 8.839851 342.713226 44.737643 121.263237
5.803581 11.174703 44.819756 10.609328 147.507417 89.182997 77.174509
5.985818 11.241840 44.840596 6.409156 131.917569 23.647375 132.717884
5.809028 10.977721 44.886764 11.278953 98.787680 26.458268 126.376539
6.071851 11.140289 44.786274 4.424857 120.864585 20.859178 88.785163
6.300392 11.385433 44.900652 4.677760 116.317613 55.154478 69.996956
6.112866 11.054649 44.885789 6.356966 111.417430 32.986036 116.886416
5.345775 11.142861 44.891510 6.356988 165.497087 62.795814 4.563039
5.924701 11.153310 44.931327 7.521848 100.934409 21.491029 104.031778
5.497916 11.168781 44.831073 5.972922 95.100682 33.408359 102.733174
5.944561 11.091119 44.749679 15.245510 94.826375 32.793262 106.893118
6.416951 10.927401 44.999934 10.632742 135.854800 18.519427 91.221607
6.494958 11.121686 44.916833 9.843300 120.688406 51.306177 133.974573
6.009554 11.164154 44.843882 7.927766 117.802972 24.363857 68.922843
6.366711 11.024523 44.869234 13.844855 199.767601 33.778296 123.636038
5.921306 11.103770 44.847371 18.254955 104.184207 38.824134 97.529116
5.782681 11.104713 44.840969 11.472487 100.821080 27.080969 124.848438
5.667366 11.140450 44.814285 13.739136 133.745165 32.082267 73.872197
6.311019 10.994483 44.985635 12.499670 126.684513 26.440566 83.259879
6.110711 10.768863 44.895331 7.139248 87.114146 29.827611 116.375593
5.919011 11.065755 44.822687 8.235192 131.676342 23.961897 72.653582
6.158608 11.017449 44.685462 5.408685 109.267465 29.885269 99.421088
6.435268 11.128223 44.828078 14.920236 123.914258 23.594720 59.222297
5.968602 11.121449 44.833626 10.049852 116.480672 52.350115 68.289619
5.192594 11.033683 44.820260 8.362320 129.626467 25.635006 134.947493
5.812222 11.104581 44.917644 13.895396 315.552804 32.707763 -147.142005
6.114962 10.943076 44.812420 5.384936 127.700886 23.304120 70.207662
5.652771 11.085903 44.813238 9.443802 337.353078 28.841690 46.967383
6.066507 11.058078 44.822089 7.926852 6.789801 74.797457 -51.081902
5.650599 11.116650 44.867090 5.827238 335.159197 51.528854 128.194610
6.063924 11.120619 44.896543 7.741688 342.141300 63.080291 134.541461
5.985504 11.134003 44.802748 5.036363 115.135864 37.230629 68.222529
6.060109 11.200003 44.925989 11.592087 102.823472 27.060051 72.709357
5.496798 11.099494 44.814506 5.981109 117.909064 87.187364 -152.203064
6.101296 11.022379 44.913790 6.905819 224.163610 18.522524 125.341900
6.299290 11.068244 44.885721 4.621141 90.799970 31.917804 51.444622
5.843007 10.943427 44.872083 14.253520 104.017771 35.457808 81.994149
5.966244 11.094075 44.910495 2.120651 256.457680 17.193556 101.090618
6.386689 11.027447 44.953970 5.538473 105.544421 26.383508 100.576748
5.773342 11.116950 44.880994 12.524398 103.924190 35.958087 102.020742
5.796470 11.031464 44.845956 6.853400 100.486047 22.055022 46.322773
5.851527 11.041048 44.863468 9.843390 107.660628 37.186238 128.191957
5.820248 11.061541 44.872382 11.963184 184.041799 32.137485 -79.870019
6.473193 10.871325 44.895958 11.275034 81.756142 22.443464 91.187711
5.727746 11.113833 44.836657 9.148322 306.026171 32.288784 -142.162059
5.878483 11.060609 44.837084 7.916106 90.922008 32.533547 107.780459
5.701526 11.046623 44.789632 9.485288 112.246816 34.070307 97.492747
6.070463 11.002454 44.798735 7.582651 282.676143 16.875919 102.045200
5.550274 11.068494 44.793286 3.216112 95.272786 20.612974 67.585058
6.236692 10.946640 44.845226 3.472730 116.140583 24.419072 126.770623
5.530329 11.101687 44.820697 8.910232 230.762307 49.480021 46.728607
5.675708 11.032973 44.848710 9.114671 112.647507 31.586593 50.180083
6.130056 10.984147 44.957289 5.938319 106.102319 81.660165 139.123905
5.978450 11.137694 44.820375 5.621522 181.719368 74.027592 55.102946
5.982798 10.973850 44.863221 13.177440 30.705659 71.691507 -143.517081
6.610669 11.102578 44.993334 4.844955 62.325218 84.694920 34.175980
6.387960 10.949412 44.763925 3.790464 112.381363 39.163488 59.675001
6.041204 10.940501 44.923975 9.135809 87.453553 26.638384 122.589673
6.118735 11.057858 44.894459 19.085655 101.533333 37.842875 52.448000
6.044315 11.175042 44.723228 2.840369 51.265633 67.727796 -61.287155
6.195616 11.170646 44.771108 12.670871 10.798713 86.008422 131.114359
5.291533 11.046613 44.865428 10.125462 109.620673 86.498123 -139.051656
6.130932 11.109684 44.923761 2.723567 121.084273 33.495922 62.865337
5.757193 11.077087 44.805322 8.075795 103.839009 31.272152 110.102580
5.897706 11.150993 44.899285 12.036756 93.101262 54.163797 105.387446
5.686787 11.042924 44.738661 7.954710 102.299972 33.961103 54.428187
6.100498 10.933892 44.817081 3.089325 227.371108 79.988554 -53.782060
5.796524 10.995340 44.765837 14.757606 95.361712 25.504314 104.501283
5.845426 11.097224 44.944803 4.914798 127.437276 39.619732 131.519680
6.448318 11.236350 44.854891 8.922825 121.886225 29.342255 98.217532
5.700905 11.109934 44.865087 4.443297 116.472408 21.972862 66.960488
5.768546 10.968227 44.953180 10.317372 106.129833 31.054824 60.788854
5.729554 11.029540 44.892677 5.921624 94.737008 36.298578 125.578872
5.692619 11.079084 44.830352 10.018842 279.935280 76.985690 -176.403958
6.007873 10.901137 44.871883 6.590453 75.727296 23.206072 50.718844
6.019242 10.964450 44.950957 16.461358 100.402253 24.954471 92.885161
5.841096 11.174494 44.846172 12.954049 94.385658 22.112622 99.838856
6.026220 11.066938 44.919968 7.196778 100.858135 34.609295 110.334622
6.060156 11.129399 44.739383 10.783427 126.889158 38.256371 130.884527
5.737314 11.050428 44.824806 10.072992 145.080004 66.170172 -55.270844
6.345911 10.897954 44.767493 9.292731 66.776599 27.838281 107.450059
6.507613 11.188559 44.833852 13.690148 107.342218 23.666874 75.303903
6.080948 11.014192 44.867657 10.002054 90.576527 20.914080 62.956430
5.640928 11.055189 44.802778 6.394394 337.836933 64.915130 -29.231325
5.835966 10.911224 44.910562 3.745455 325.242058 41.637940 106.636634
5.933547 10.999828 44.925480 10.444562 132.746646 29.426655 80.095054
6.231719 11.138188 44.988456 20.266050 31.504608 48.396049 -76.080445
5.412405 11.149416 44.866161 15.216816 122.971844 21.418395 106.266679
6.339583 10.927262 44.695167 10.183304 99.214152 27.339765 132.798814
6.157918 11.069863 44.759582 9.869980 104.444603 37.611683 102.671587
6.105326 11.050396 44.692608 12.485112 134.072474 37.658946 102.471647
6.010896 11.099669 44.961371 7.650611 124.936247 30.529935 61.382862
5.296602 11.032282 44.818012 5.405558 99.670511 31.127483 65.359157
6.151702 10.819759 44.808188 6.302194 58.021275 27.510143 78.220884
5.449022 11.134233 44.844913 12.472326 123.862519 33.614439 108.039180
6.383821 11.033863 44.836707 7.299995 148.432998 46.271119 67.257055
6.278160 10.864302 44.920585 10.378568 142.808351 44.782263 -48.471417
5.843539 11.052011 44.890273 5.235568 314.489376 53.550664 52.154573
6.051855 11.039348 44.849111 7.075468 112.449422 31.139345 113.991470
6.246061 11.302507 44.696160 3.654415 142.647231 82.603900 80.685562
6.084705 11.011110 44.808424 8.805461 97.883298 33.751956 61.933627
5.600441 11.004254 44.903122 8.324285 191.451805 52.186175 46.110193
5.974235 11.138049 44.889393 16.219196 100.984816 36.138252 72.769265
6.089015 11.131917 44.845152 15.836383 111.274533 45.643719 103.526266
5.936679 11.090007 44.859909 10.218440 100.279198 53.273324 119.741368
5.926006 11.077901 44.985716 2.024249 193.902752 35.691453 145.323568
6.280688 11.130024 44.926804 3.512584 127.514117 33.001864 50.859378
5.498064 11.114535 44.857797 11.385239 123.104888 58.464994 119.138768
5.963615 11.010840 44.786062 13.172759 115.854749 22.569637 114.386511
6.524065 11.108185 44.876247 24.201163 115.491528 24.673954 48.199893
6.431813 11.051893 44.835696 9.042313 314.251917 77.583981 -158.075125
5.799862 10.950127 44.870224 12.793963 98.864701 21.814183 49.357570
5.708443 11.067051 44.720896 10.476963 200.850366 77.857707 -2.300324
5.929413 10.964537 44.858679 8.486885 341.266570 39.454784 -91.475090
5.885256 11.089799 44.882661 9.171549 127.648993 25.992199 113.093301
6.107210 11.258158 44.859608 9.777049 92.337236 40.125874 74.775430
6.201106 11.052006 44.682569 6.859807 103.938663 89.060689 177.335028
6.317184 11.169278 44.769721 11.967530 145.664819 48.656487 179.127871
6.151236 11.116385 44.873386 5.298537 94.131840 23.191973 106.859550
5.744058 11.009877 44.808635 6.399883 99.698758 32.179636 53.107522
6.107369 11.076719 44.902368 7.468152 283.331983 41.698315 96.920274
6.432955 10.968363 44.978139 3.673805 336.549946 53.352939 123.302952
5.898949 11.168367 44.769327 10.823164 91.094665 52.261388 80.204142
6.132791 10.937507 44.874661 12.292555 16.812730 38.196689 29.609650
6.242811 11.073585 44.755168 8.711361 120.928052 22.795126 104.377662
6.063117 10.918132 44.979438 6.311711 345.612356 50.271179 128.766383
5.896546 11.080444 44.942445 6.553755 146.958704 17.839457 -20.654714
6.130288 11.009192 44.858879 2.748425 131.926629 52.779128 56.184735
5.630141 11.156980 44.882053 10.718678 104.432691 23.504748 98.066007
6.025281 10.957299 44.768488 8.590422 179.011360 44.816989 160.600864
6.260779 11.042100 44.991036 12.940766 196.043987 16.801628 105.553492
5.728748 11.021823 44.926310 13.199696 320.222785 74.659366 -72.920385
5.589945 11.060036 44.755910 6.526385 107.149524 45.202019 83.036390
6.265664 11.069203 44.777254 10.644994 303.891181 70.566049 65.257370
6.029236 11.136521 44.870925 12.896961 101.459740 31.857331 115.115470
5.373319 11.183336 44.843240 9.079605 77.888257 40.823286 53.480715
5.392088 11.069047 44.838780 6.240848 112.866913 39.905267 46.234319
6.107287 10.961526 44.828889 21.781274 130.407977 21.146930 130.094205
6.189187 11.237913 44.892285 3.683048 92.354954 28.667608 94.310525
6.367731 11.034016 44.758485 8.322717 288.998700 74.572286 82.697670
6.408528 11.051662 44.849590 6.770744 288.042375 76.983806 -92.561282
6.055053 11.112294 44.946892 8.813595 108.084593 39.410144 58.787162
6.148554 10.935553 44.711064 12.991514 36.343541 58.268554 56.848065
6.390715 11.134238 44.797459 12.247412 96.966474 29.624580 104.336875
5.710857 11.138223 44.898634 3.520848 114.859567 31.961763 104.706816
6.060735 11.001951 44.775856 3.101326 91.239762 43.248980 88.175374
6.277386 11.007468 44.872635 4.830878 106.427152 38.250725 95.656359
6.485957 11.075707 44.808118 12.175575 100.790677 27.824920 113.149533
6.213469 11.022160 44.861566 13.445089 100.719444 26.712853 128.224312
5.638717 11.104198 44.779170 11.738966 35.079409 89.392861 -39.310322
5.717809 11.061412 44.838496 7.520440 208.657094 58.568388 -13.428930
5.744457 11.057909 44.895312 8.760442 106.118816 59.803267 67.515827
6.219838 10.976123 44.891140 4.500469 15.103220 45.658731 44.579913
6.321604 10.965740 44.895108 13.632003 132.576657 59.684702 130.750021
5.873098 10.986614 44.902543 9.928499 253.806612 46.425987 57.015695
6.216200 11.059415 44.802001 6.034594 111.918406 26.678257 98.823814
5.920466 11.023243 44.798465 15.019335 58.906612 64.945726 -113.756121
6.149681 11.010288 44.856289 15.301908 149.349294 70.840996 122.817337
5.917048 11.076033 44.849411 6.155166 130.849238 59.909187 119.712173
6.368622 10.948836 44.784182 2.248397 105.666547 25.603196 126.468362
5.642155 11.226167 44.836975 7.672447 104.546913 39.947031 64.640851
6.202391 10.896963 44.828009 11.501647 49.413483 27.972876 130.133713
6.049123 11.112192 44.781597 12.559758 122.393165 44.611025 67.060115
5.399658 11.190704 44.865052 12.364446 107.882796 28.934189 60.721220
5.296955 11.022196 44.880732 12.491964 93.895438 21.495002 74.162083
6.133744 11.243074 44.923144 3.822638 167.860076 86.673577 151.467335
6.200989 11.042640 44.866615 13.466764 173.544077 70.616975 -134.819299
6.015966 11.080685 44.944795 9.390385 91.856465 30.458954 127.531072
6.338286 11.154337 44.826641 5.409476 106.036593 30.152808 134.913770
5.934103 11.008092 44.782470 3.830413 126.126072 41.749260 107.301873
6.286926 11.061049 44.882970 4.122734 266.684915 45.546682 -26.636745
6.248230 11.132919 44.793195 5.551004 123.272140 25.672830 59.726662
6.478605 10.999045 44.905389 5.396503 100.694740 51.514117 107.045102
6.675947 10.968722 44.903864 4.357081 134.894803 29.847650 71.839582
5.616675 11.043479 44.790027 5.370295 20.376187 43.207687 -102.315066
6.188821 11.009385 44.956763 11.616941 53.757631 61.808662 102.349564
6.242744 11.121901 44.810541 11.781412 217.718581 61.118470 92.390014
6.512918 10.999514 44.832929 8.604077 140.511236 32.173377 -124.818024
6.297045 11.003954 44.640549 6.550796 96.653673 30.713130 78.551275
6.036549 11.075434 44.911661 11.910988 103.449186 28.642646 96.637804
6.561845 11.072306 44.807719 11.164800 301.836528 76.131575 168.094544
5.795069 11.135935 44.900777 19.895417 275.833104 44.149840 -96.495062
6.014780 11.161376 44.788208 20.364110 262.023639 24.075656 59.583122
6.319308 10.838800 44.942832 19.086351 51.484684 39.495842 47.570640
5.270703 11.086261 44.896600 3.673156 224.797223 17.252559 64.263326
5.909526 11.074966 44.731754 2.088293 112.147099 34.155224 133.322820
5.693358 11.072161 44.896686 9.066779 95.578156 39.510349 117.884139
5.692583 11.044610 44.832185 8.080214 9.476949 42.231310 95.547349
5.639655 11.116965 44.842089 4.587317 91.607142 29.449307 120.935801
5.752998 11.012216 44.853467 10.210990 173.819484 29.637910 82.108995
6.334237 11.014131 44.768749 11.515534 149.407375 50.289801 -4.291291
5.750997 10.931267 44.796685 10.504116 96.722454 31.875594 98.577642
5.606007 11.162686 44.795936 8.739071 101.263846 35.497203 91.253819
5.832776 11.132336 44.842910 14.899985 356.528496 78.597806 107.236929
6.087791 11.076257 44.858724 5.723892 305.378410 37.612184 127.724728
5.818777 11.032782 44.830295 5.174923 98.383457 26.741097 123.385452
6.186478 10.949059 44.746868 9.432352 164.811255 74.373175 -98.247281
6.387484 10.910716 44.541079 12.337223 55.450972 83.038560 -37.710710
5.515187 10.898953 44.779514 3.950024 328.951605 47.640643 -54.535604
5.404438 11.003623 44.760234 2.302607 303.270382 41.653014 58.354508
6.060117 10.957085 44.851864 2.858896 132.030358 34.306451 134.356787
6.189358 11.086381 44.852097 2.823323 215.665533 43.370500 -57.009973
6.363991 11.026749 44.847958 3.863977 133.115320 23.644945 113.381352
6.158410 10.993133 44.982753 11.565687 104.377459 39.915340 94.031492
5.907221 10.961112 44.792145 10.683745 92.633329 41.216862 128.594912
6.186428 11.199857 44.896566 9.029663 215.533302 61.254924 140.635645
6.184594 11.018818 44.768945 14.510356 62.273359 73.695496 -36.830212
6.092887 11.079572 44.865554 1.938875 114.837384 26.514215 99.684169
6.311998 11.209389 44.765936 11.054562 109.499528 29.902212 52.032506
5.780938 11.106107 44.808731 6.459949 90.953148 54.323887 80.013443
6.150464 11.054782 44.676528 7.630218 106.628177 39.369770 86.332612
5.986059 11.136921 44.821071 6.723779 105.979391 38.423651 55.792928
6.362186 11.063386 44.920915 4.145221 128.286435 27.871504 57.809405
5.986548 11.090614 44.801363 7.764934 205.142030 79.598347 -63.542797
6.463944 11.244314 44.940045 7.523990 100.855073 30.009163 106.005641
5.908428 11.026320 44.789523 16.744936 120.293065 21.302644 71.379867
5.967185 11.054038 44.882093 2.488743 257.469672 41.086099 51.485137
5.886877 11.023779 44.831060 6.891313 102.166880 26.943032 59.762548
6.084104 11.033737 44.919031 13.629724 127.814279 20.047850 94.493363
6.048504 10.888426 44.818675 12.095488 116.116658 32.908444 64.245424
6.116128 11.113242 44.850201 4.805760 95.807693 28.569304 127.933538
6.058492 11.203170 44.818177 9.554049 292.143727 60.554278 64.966144
6.071104 10.967727 44.841799 13.310302 178.214684 38.499641 -50.205755
5.777962 11.121510 44.852695 9.717002 37.550248 46.125524 70.582381
6.433245 10.787069 44.872917 10.405052 298.493776 54.700757 75.082687
6.115593 10.871752 44.771301 4.600528 89.109522 20.260759 133.895714
6.127038 10.968254 44.722976 10.414319 123.072710 53.679868 87.080850
5.884960 11.034026 44.803619 2.852697 96.978291 50.951979 129.440916
6.538521 10.776575 44.965123 8.703661 339.853614 61.153825 36.079133
5.877592 10.923929 44.795635 2.937322 304.093069 71.864592 119.752102
5.852244 10.987553 44.819079 11.865935 353.360434 23.924407 -133.749959
5.913286 11.220845 44.856698 16.124105 311.132454 23.169030 126.557944
5.868366 11.026686 44.937578 7.407144 121.083735 28.777006 126.167397
5.821780 10.876848 44.808576 9.810884 54.456031 38.859292 78.561308
5.641133 11.136701 44.793787 12.355863 181.104061 72.406781 -150.931329
5.926358 11.285314 44.838389 5.206225 72.554621 22.233304 84.240378
6.150586 11.210662 44.906579 9.816508 119.912548 27.853907 51.135486
5.826477 10.993257 44.831903 6.560232 272.622010 41.272827 84.864973
5.526904 10.985754 44.887232 7.994604 114.001908 27.319356 48.359440
5.902556 11.183270 44.884915 9.118354 124.686771 34.615224 123.729124
5.536069 11.123836 44.799351 6.929468 101.354935 20.866380 84.053484
6.234208 10.866626 44.855083 3.409513 73.537512 23.662969 112.530874
6.025758 11.146279 44.927179 5.756150 44.226657 43.120438 -119.900456
5.925605 11.159152 44.825471 11.795245 102.590911 39.925952 127.957395
5.622870 11.066072 44.853947 5.797307 129.191221 35.378546 67.674196
5.867078 11.066595 44.798113 10.216895 100.543956 87.590473 147.035151
5.851374 11.085198 44.808348 12.200712 129.527475 22.459392 96.603094
5.927850 10.948878 44.748127 7.212039 130.017736 24.901246 119.358861
5.898930 11.113798 44.904245 12.741936 96.945131 37.945770 64.311229
5.111689 11.099981 44.881385 5.458919 93.175578 22.190445 127.331592
6.292345 11.097144 44.833147 14.808218 293.787111 13.746929 79.308032
6.035390 10.975949 44.761905 9.715901 348.871341 61.937658 -39.500160
6.348533 11.105178 44.842077 20.497759 271.195752 62.108393 15.211130
5.641308 11.103498 44.828103 10.480533 174.992816 25.621984 -101.686836
6.030119 11.004329 45.010219 9.010376 110.707885 34.847216 127.725217
6.170442 11.056816 44.830605 3.800168 113.520785 28.324182 58.456281
5.695979 11.068482 44.793004 5.622730 119.460547 26.701756 134.041016
5.697294 11.060546 44.816574 2.276819 282.941648 52.386955 127.066523
6.990380 11.348778 44.526983 7.714456 132.840653 20.749234 69.675716
6.209574 11.032812 44.892317 5.871983 16.445042 45.718732 -29.200460
5.580253 11.039308 44.828699 14.145320 122.356501 56.642157 52.237227
6.161586 11.236068 45.031329 12.517927 150.436143 65.579561 -176.901482
6.016114 10.998949 44.907300 6.884944 114.924027 32.990419 98.502491
5.494817 11.163697 44.836602 8.162111 354.674636 61.920235 3.253971
6.059981 11.216278 44.772756 7.844936 133.821623 39.494320 102.979432
6.038512 11.123658 44.826324 8.738963 12.012480 49.507982 -48.805492
6.220638 11.242835 44.850567 4.528310 99.059071 44.915883 139.773560
5.685502 11.035841 44.866345 9.319423 239.575994 40.611722 -25.698886
5.874936 11.103490 44.897538 8.327674 103.341716 37.151848 131.846983
6.160075 10.980686 44.900953 12.789726 106.618382 29.166428 51.079308
5.903451 11.251297 44.805599 8.501482 255.782558 53.951368 -79.672440
5.909020 11.059862 44.744067 11.397144 298.902235 46.655590 -58.195241
5.864036 11.051197 44.869091 9.715887 111.900647 27.211952 61.104840
5.114677 11.153845 44.789905 8.526805 107.722031 67.680327 -15.369323
5.686788 11.218910 44.867785 10.372539 117.901525 46.096732 106.122494
6.276538 11.006265 44.743068 14.299161 111.736970 30.143302 51.416528
5.895843 11.194754 44.846197 18.372092 16.645892 48.235980 78.342238
5.843948 10.985023 44.759842 5.459388 118.108581 34.633491 59.351298
6.328852 11.245152 44.982835 6.119241 283.007650 40.900833 58.814197
5.926325 11.118343 44.893183 8.146372 40.535208 48.429628 50.991105
6.008943 10.980373 44.894285 13.174983 77.256003 62.980975 -31.944874
5.589896 11.033543 44.843637 8.927801 287.650730 48.352787 90.281629
6.038016 11.254980 44.983439 8.547087 97.178261 21.425341 89.343022
5.892085 10.991639 44.811114 13.245057 134.297197 45.476093 124.396045
5.705066 11.085527 44.809079 4.583546 92.290136 26.430361 132.914487
5.909481 10.956150 44.863294 3.026909 107.212638 25.557557 134.059696
6.014486 11.096006 44.791083 15.837451 118.919309 28.770708 108.082512
6.263986 11.040845 44.824681 4.713083 152.755443 43.201506 98.121141
5.965535 10.936469 44.968253 3.916351 74.850294 21.369066 66.127304
6.312841 11.301680 44.931321 5.499848 97.991260 79.712993 -107.981527
6.310470 10.916874 44.825414 16.090732 71.589048 23.704151 101.824846
6.190344 10.892644 44.815904 3.477912 136.574064 59.326734 -109.678799
5.399867 11.088429 44.836643 7.645857 98.978072 28.823121 91.411534
6.194668 11.066065 44.934151 5.329311 124.837531 22.739487 107.739463
6.184275 10.996263 44.703197 10.858893 134.704165 29.983753 75.164513
6.173557 10.856217 44.951868 2.397778 58.472965 37.277356 65.521459
5.753918 11.205392 44.837535 4.858656 189.228601 48.884403 -156.630813
6.001046 11.145292 44.880301 4.567098 134.534756 52.085661 53.616665
5.496254 11.107209 44.858820 6.029339 109.911734 25.089272 131.011128
5.800972 11.032350 44.865068 10.084490 173.723876 85.270756 52.177631
5.901550 10.959883 44.822748 12.535050 159.180364 10.918574 -148.449968
6.236133 11.096917 44.859547 3.046187 99.934516 26.880891 99.554151
5.343509 11.030359 44.840930 10.119919 147.060569 59.094642 -70.890462
5.793572 11.004660 44.855733 11.041495 64.268478 43.039649 112.961129
6.149393 11.094261 44.698340 4.763399 127.774447 25.605597 54.841554
5.631361 11.074987 44.734217 9.869296 265.036784 75.494701 -120.242107
5.400909 10.998527 44.891801 7.560623 111.025929 28.895234 112.591603
5.994601 11.164917 44.762577 10.793632 190.100824 25.593721 54.160852
5.817968 11.101767 44.863039 6.392301 126.871442 37.960636 88.759528
6.069117 11.118242 44.893595 14.025989 95.255908 41.478371 45.571138
6.268551 10.914703 44.994868 9.042044 112.544893 71.378526 -62.927695
5.747600 11.070299 44.784494 13.160097 190.588372 23.327856 94.947098
6.175320 11.019390 44.903672 17.677265 124.392910 32.900248 91.819682
5.833311 10.960570 44.872500 5.251747 118.935162 33.150066 117.307595
5.667718 10.992555 44.802750 11.498541 90.287384 38.465772 87.197192
6.149759 10.956022 44.864288 4.337799 285.976561 24.597254 94.054216
6.613424 11.093820 44.930573 15.448143 114.898799 24.702960 49.140170
5.864305 10.938564 44.847485 8.182972 19.825852 27.209837 -84.002951
6.395917 11.386825 44.754618 13.216147 124.070079 37.959893 71.739433
6.080727 11.127058 44.811819 5.098069 41.788813 41.791902 168.652657
5.826661 11.143952 44.860346 3.539980 166.587562 61.319561 123.714057
6.084685 11.026698 45.041251 6.548111 113.831478 33.742187 99.981505
6.317224 10.834555 44.671288 9.568763 133.567019 31.231873 69.148272
5.414677 11.056062 44.836614 11.342954 123.888749 53.679464 128.617603
6.217749 10.874753 44.717945 5.722606 215.636398 75.304607 143.838933
5.915606 11.114571 44.821779 4.718276 100.725501 21.336318 65.711275
6.141207 11.036197 44.880333 9.922506 138.518582 38.355950 -66.119776
6.521924 11.024026 44.777802 17.081996 108.221937 30.584348 97.648313
5.875073 10.859062 44.869539 4.377384 106.742634 31.152438 77.782836
6.481629 11.183050 44.572929 17.606352 121.208358 28.194233 128.753249
5.978400 11.083927 44.866801 11.922079 95.888870 36.799205 87.884222
6.393344 11.193331 44.785208 6.856116 97.727432 44.747214 114.902398
5.807702 10.913431 44.801067 9.486649 68.348343 43.104001 14.120674
6.157141 11.143052 44.744862 10.333001 98.618465 32.563386 73.996297
5.574402 11.022698 44.855545 6.016976 358.802496 38.369944 103.346891
6.737930 10.944840 44.750088 10.879020 169.205030 34.489944 68.231081
5.993339 11.062932 44.813168 10.480969 110.103596 47.257792 69.155386
6.005793 11.094931 44.939083 11.734247 131.040525 30.241441 120.906239
6.570282 11.039746 44.907221 4.661984 162.902488 83.448151 -38.378530
6.209696 11.301053 44.833928 13.910923 124.098230 33.504558 95.205875
6.553547 11.209678 44.972951 7.941410 128.565822 36.066077 78.278936
6.156700 11.170643 44.824964 2.069690 148.636311 28.202731 93.825602
6.216454 11.161295 44.953181 3.958822 125.549005 37.808515 97.668219
5.899548 11.094790 44.878089 14.066733 133.307744 67.690103 65.733908
5.966991 11.076455 44.781409 15.461524 263.076219 51.039918 58.852070
5.528480 10.959908 44.744119 6.526785 273.844315 38.983171 102.882861
6.434487 10.938891 44.851194 19.098141 103.221740 56.730072 104.386480
6.142018 11.137036 44.761631 2.835557 104.494093 48.295370 73.747189
6.183906 11.144711 44.895945 11.568603 166.857592 45.555688 -72.329680
6.496376 10.904613 44.879859 8.616134 79.741765 23.097471 99.426898
5.683395 10.974245 44.840864 5.363777 114.595204 42.226146 76.447487
6.287728 11.190033 44.901459 8.885867 106.035903 80.024566 156.064387
5.683724 11.097906 44.779863 10.378301 130.081563 30.073787 72.765996
5.207403 11.056760 44.800427 3.247931 256.108846 66.419800 -164.998777
5.937113 11.043735 44.861733 2.574208 111.699397 34.838458 114.443577
5.709479 11.175113 44.867723 7.821100 87.942067 21.938438 14.573042
5.671068 11.089339 44.772271 6.238536 91.235644 21.061454 125.983357
5.979793 11.181276 44.740068 4.486588 93.933388 36.421857 49.218072
5.790601 11.160474 44.906524 8.096051 131.439759 37.795014 107.783695
5.985956 10.999847 44.886648 4.631767 107.564867 20.438374 112.273710
5.892242 11.109885 44.957130 10.323369 122.289391 42.520983 104.830770
6.229576 11.176464 44.930042 6.399425 118.225377 20.704188 112.560008
6.347407 11.230724 44.839316 7.821109 345.393701 54.334900 84.037892
5.871021 10.995147 44.776926 9.758866 24.749043 89.094621 -37.918506
6.160956 11.081019 44.753412 11.540636 142.709619 72.484042 -19.930141
6.094847 11.206889 44.802442 2.102499 99.960289 29.551915 121.675024
6.184332 11.097757 44.822226 11.476331 102.347925 32.704689 56.856799
5.517261 11.085234 44.879098 13.802175 128.330856 57.271292 175.462679
5.612489 11.022571 44.843924 5.158949 27.369608 69.176723 141.502524
5.887545 11.096244 44.788603 6.278351 121.615881 23.633993 113.230969
5.880704 11.096027 44.849788 7.317282 110.515664 29.870635 82.517565
5.723162 11.062959 44.803203 6.586047 94.301567 26.898018 130.580671
6.035210 11.127742 44.782305 10.412999 115.589108 32.992786 76.467272
6.077299 11.194838 44.789957 8.795479 101.107609 36.477162 83.282744
5.918634 11.155014 44.802040 4.251522 346.534991 52.316021 -11.213132
6.210058 11.194206 44.887908 5.108674 132.028568 36.594202 53.516598
5.988220 11.037686 44.664798 6.715660 112.803144 79.691261 -147.691868
6.264165 11.079097 45.015651 12.015729 99.137094 37.426440 119.463115
6.197086 11.028941 44.666870 5.761464 113.319260 24.187152 124.201482
6.101670 11.161844 44.915395 2.299569 113.482421 24.677231 51.565083
6.183879 11.026408 44.834032 7.724402 99.090602 23.679295 54.501999
6.132616 11.072374 44.813083 3.961809 111.382740 29.114905 93.111660
5.337414 11.149103 44.849178 6.889420 125.116908 32.593352 69.425317
6.277733 11.021437 44.862615 5.005957 215.374229 70.432531 0.040303
5.833910 11.114895 44.848027 5.992902 130.098096 47.783789 69.178634
6.147503 11.019865 44.857228 3.017121 167.094231 42.437676 131.022046
5.506508 11.047071 44.846497 5.143009 173.982316 86.096567 -145.631509
6.131641 11.032797 44.745377 11.884626 93.113284 24.168038 52.415572
6.573983 11.094409 44.835581 9.764368 267.224331 19.801034 129.874902
6.595058 11.510262 44.729403 19.490773 304.892641 59.034952 58.340058
6.081758 10.995468 44.903650 15.521336 134.002090 21.888670 80.011132
6.263722 11.064661 44.851162 8.472267 167.409956 24.501272 -117.294810
6.230800 10.998288 45.008868 12.009560 104.133452 38.180165 126.007028
6.006716 10.996363 44.708145 12.136947 103.537445 30.757865 77.381937
6.068638 11.102377 44.810291 13.282765 343.976752 46.507505 -67.387744
6.218853 11.138509 44.969149 9.925316 119.337864 23.638477 133.886746
6.489813 11.136603 44.646164 14.093291 92.818090 25.024693 108.190740
6.167846 10.967467 44.844771 8.326231 171.756460 47.402832 -71.248482
5.997150 11.149837 44.854082 11.002073 113.919551 47.977862 51.702746
6.026331 11.110874 44.867369 10.808580 118.055150 36.265591 63.005311
5.720424 11.001427 44.862798 10.287088 121.916835 22.684042 57.561636
5.873385 10.940969 44.856142 5.284412 109.789799 21.706242 67.904053
5.968677 11.057304 44.847101 7.528093 94.847478 38.513950 131.197663
6.338918 11.133628 44.789174 6.211410 271.801266 57.500280 62.732548
5.924940 11.095414 44.849570 5.030733 102.917785 45.390009 177.604054
5.591562 11.177418 44.905439 5.152004 132.421807 47.899487 84.467977
5.790254 10.974679 44.803305 11.859374 321.128307 71.566122 93.291937
6.371344 10.920524 44.783924 15.722002 90.811859 10.229908 -0.375059
6.386283 11.328206 44.963392 5.614520 49.725101 30.537461 132.585372
5.985495 10.900260 44.921940 5.933677 154.387430 76.446258 42.896173
5.917554 11.120529 44.746747 18.542117 114.663073 59.092543 105.115012
6.099750 10.977413 44.924667 5.856894 112.529702 26.404035 128.396027
6.204935 11.254973 44.941032 13.597140 104.090861 36.634580 100.602549
5.984050 10.946755 44.921238 14.082430 300.892225 20.648007 -37.104262
6.298708 11.143511 44.903440 10.491287 153.202073 80.623183 -29.644373
5.748676 11.137545 44.768420 10.203804 327.673474 52.723538 163.719707
5.837353 11.089284 44.849570 6.292138 186.806117 20.332375 71.413431
6.119382 11.230063 44.817871 8.675160 133.429197 25.869747 88.092272
6.268548 11.384987 44.926530 4.346839 237.040282 54.832227 -127.530429
5.700065 11.063858 44.901309 7.532694 90.173125 32.264270 159.247166
5.891263 11.233456 44.854573 9.006924 204.462893 40.192925 81.944656
5.877692 10.930807 44.841039 5.585579 121.656215 20.728209 83.257315
5.952429 11.081614 44.778073 5.713024 14.778394 83.570012 -174.541739
6.421634 10.983201 44.901828 7.428763 122.192404 36.575702 79.551221
6.235864 10.879994 44.815212 5.332713 80.823148 24.678075 108.011704
6.227187 11.140006 44.984058 7.339801 27.589132 50.286656 100.066098
6.037640 11.077167 44.816651 15.903200 327.794971 45.564011 -127.817306
6.056322 11.050962 44.803910 10.207116 121.372075 31.479750 104.888532
5.758308 11.182865 44.749569 11.459549 10.322281 88.901979 -145.005841
6.084390 10.897600 44.905826 11.555811 58.814158 22.863124 49.660408
6.224188 10.945868 44.805492 9.017852 107.143024 48.036811 65.385657
6.104784 10.973980 44.759785 6.448227 132.551125 20.360360 74.650239
6.203398 11.215776 44.932945 12.975400 122.229497 30.132875 69.352845
6.611792 11.150608 44.764236 9.168201 69.723872 82.921874 -118.021641
6.065019 10.846586 44.813335 15.728532 242.746231 24.740830 134.985657
6.609220 11.084733 44.893336 7.960309 94.513074 86.976912 149.600948
5.552397 11.054612 44.842666 11.621939 122.594209 29.333566 69.736042
6.211244 11.228721 44.646521 11.896635 339.223554 46.995368 47.188584
6.201279 11.112482 44.849678 4.764177 115.415118 30.643864 60.771376
6.052781 11.147182 44.815414 9.679072 129.745981 31.604705 75.158183
6.265698 11.114093 44.966026 10.106139 125.327056 30.686015 68.028359
6.227090 10.776780 44.873541 5.804677 198.669192 64.056210 -11.544283
5.748694 11.161272 44.893032 8.581781 314.227482 45.602553 66.722472
5.782842 11.000774 44.746254 8.503211 114.904507 24.044650 49.402686
5.916037 11.071007 44.846670 8.013889 90.426883 31.156007 99.504706
6.182773 11.179109 44.845738 6.246535 104.077876 51.838672 128.952480
6.093147 10.940251 44.902826 8.524927 136.626721 53.122660 -177.815526
6.158768 11.104390 44.843104 4.835695 109.245230 25.795618 60.545751
5.984820 10.936943 44.851316 7.363150 109.207265 31.722158 91.330881
5.961971 11.125419 44.880249 4.555524 114.294067 29.360139 99.427204
6.147461 11.111059 44.809614 8.001325 342.131948 29.716062 58.093226
5.923493 10.980551 44.834788 10.672974 111.479747 26.100709 97.949504
5.883259 11.023771 44.796568 12.617772 100.022853 27.753554 98.765231
5.849559 11.113866 44.792929 8.250234 120.514390 83.234875 164.548275
5.950468 11.067047 44.777407 13.423395 282.705118 69.222555 117.512872
5.689442 11.068109 44.828078 7.393839 105.960435 38.092781 55.521015
6.021678 11.089411 44.818109 5.719158 106.440340 38.835117 70.284784
6.028051 11.027013 44.890715 9.876638 293.305496 38.058635 -105.321284
5.782318 11.117669 44.845603 4.278956 116.949660 26.777240 52.477436
5.901439 11.103099 44.899425 10.836738 134.421357 23.007885 76.258333
6.342102 11.123154 44.748758 4.138381 123.823497 31.395989 96.956343
6.178008 11.179880 44.808402 15.822632 126.512330 21.384617 123.407516
6.083907 11.110887 45.061962 4.894555 117.730199 35.299130 79.246650
6.128260 11.019089 44.779269 2.600890 208.730460 46.955151 58.376661
5.198564 11.045806 44.861541 4.857713 241.200231 64.438173 0.324129
6.290397 11.032872 44.881738 10.191303 108.975967 89.578741 -167.222151
6.160069 11.010692 44.932354 11.764858 106.293498 39.992020 119.453825
6.030728 11.077381 44.635644 4.869402 109.931777 86.923937 164.141599
5.780365 10.993649 44.871620 14.593268 62.450464 87.881143 176.394285
6.067309 11.045619 44.755318 5.471532 102.821514 27.350915 56.110319
6.495992 11.291073 44.869144 14.048204 91.091079 25.119871 125.240033
5.758181 11.173943 44.868085 5.349634 103.630269 57.400709 54.473700
5.791580 11.046019 44.704826 7.636416 105.953612 85.536111 2.162956
6.673205 11.589246 44.964510 5.132248 81.928610 84.733520 137.812804
6.074559 11.012913 44.827356 8.771498 120.211171 58.795651 99.555473
5.681358 11.052627 44.871850 4.517616 113.970060 69.077698 122.772319
6.257493 10.947426 44.783869 7.348651 118.631459 39.204044 128.554804
5.992119 11.065479 44.887073 14.913467 94.619750 29.002188 90.749567
6.107499 11.155611 44.807553 6.185121 0.580706 82.463855 -174.813805
6.031207 11.111614 44.874635 10.152886 168.976152 27.893662 -46.908640
6.032186 11.006863 44.954266 3.910604 110.691416 27.415916 83.503521
6.474755 10.983667 44.816988 8.759441 107.989459 36.427862 84.037647
6.172154 11.254375 44.780765 14.756882 45.789618 28.653700 128.698469
6.481908 11.062605 44.965629 12.628282 28.816253 85.309041 42.085123
5.988433 11.008479 44.870075 3.201032 33.681418 70.011052 -61.585415
6.125388 10.928737 44.835258 16.126842 292.286038 79.639651 -71.184922
5.940805 11.171901 44.817888 8.164498 95.057194 20.744183 60.290235
6.451240 11.538928 44.965755 10.202722 162.438044 20.982956 50.869900
6.168963 10.995327 44.965571 13.190798 92.228302 87.382169 -179.365477
5.847109 11.140335 44.910440 9.238360 135.299748 71.472952 39.265906
5.782330 10.958083 44.790619 9.549726 99.385119 39.813138 112.706827
5.834133 11.143986 44.862765 7.884706 128.106422 22.177559 114.685021
6.176083 11.096682 44.813436 11.811321 119.548055 26.680780 110.281810
6.301954 11.018041 44.893295 7.691849 3.345639 51.586655 91.574268
5.940327 10.997091 44.800493 6.198568 236.389402 74.209839 139.244082
6.278838 11.083848 44.808931 16.645629 96.244406 40.131616 112.268138
5.996299 11.092257 44.878742 5.147462 129.181078 33.509653 132.011998
6.107965 11.059625 44.792384 6.260540 31.088721 73.105069 84.521702
5.048990 11.100052 44.856361 3.298149 98.099384 23.127293 131.358819
6.128045 11.160745 44.711160 9.378894 350.921126 55.543071 -78.714114
6.703613 10.993061 44.747291 4.186772 315.208876 48.599709 45.870960
5.782288 11.033666 44.736229 13.380746 94.862641 20.164572 125.565159
5.964602 10.951037 44.886620 10.771970 157.759912 87.883551 42.466133
5.187748 11.131737 44.860277 15.055760 140.319576 44.731990 -72.071376
6.096839 11.187226 44.835335 8.275564 205.571334 57.684877 65.268678
6.143345 10.983599 44.917564 11.503205 95.362586 21.535688 62.827035
6.088621 11.051385 44.924544 8.660521 93.906522 35.019904 101.767719
6.036630 10.999381 44.819539 5.510883 46.341443 10.954867 96.156352
5.438781 10.988365 44.809717 7.751471 160.211256 81.192474 171.741289
6.136412 11.177299 44.765413 2.435857 95.575948 25.757412 125.747936
5.498915 11.033474 44.857132 11.714604 282.552214 57.559808 115.095813
6.216012 10.939932 44.781272 9.781617 131.128668 28.895212 56.180691
6.235624 11.171741 44.797435 19.732908 67.520874 34.487495 -150.267757
6.185006 11.335683 44.885063 12.695361 250.941238 59.473397 61.033760
6.281008 11.118983 44.765109 11.345559 108.488361 31.451238 85.772031
5.026533 11.141023 44.880269 12.005301 91.182484 30.146501 70.691024
6.259689 11.034785 44.844695 9.992205 95.782609 40.324685 67.439088
5.931303 10.885832 44.851397 17.145754 35.780177 88.653603 -36.363263
6.027831 11.002184 44.867328 5.740931 102.610678 53.219521 121.400679
5.615037 11.078828 44.885559 6.130089 111.314885 25.190890 56.267945
6.115153 11.037161 44.870883 11.659422 97.779077 29.764225 52.458963
6.049956 10.976701 44.836614 5.896511 206.745026 14.724521 115.309156
5.370433 11.110165 44.884638 12.238023 12.655004 69.579564 -41.935833
6.319713 11.159711 44.803627 5.946797 101.702685 32.977297 86.349654
6.382353 11.199763 44.845908 6.187722 200.157344 32.803287 -37.441995
5.803202 11.104561 44.899539 5.155871 126.316842 26.163316 64.701935
6.032832 11.114271 44.795131 4.892076 117.219295 25.498763 132.922762
5.804890 11.261050 44.821467 15.852758 102.491661 38.647084 52.328285
6.163662 11.053907 44.817467 10.811006 96.421743 78.845843 -21.038999
6.250248 11.236110 44.944626 9.108841 102.935928 20.047961 105.964677
5.784962 10.998745 44.861527 9.849158 122.698116 51.531065 69.064231
6.545205 11.051162 44.854552 6.824009 123.841156 30.829450 125.001143
6.651278 11.055547 44.734432 9.426116 239.590870 78.653181 165.885438
6.137825 11.203640 44.757156 13.240848 112.931310 29.059800 59.161410
5.537080 11.063269 44.925832 8.611975 103.368502 24.032891 106.261443
5.785675 11.086727 44.832808 5.954323 119.228253 40.182651 108.053348
6.210609 11.008824 44.806746 6.005334 226.889952 24.059544 100.941910
6.374085 11.241033 44.871609 6.627584 109.735090 51.278469 83.825411
5.993216 11.206758 44.738296 5.279215 128.934694 51.051385 62.870718
5.879517 11.202216 44.877819 8.210167 126.547502 26.304098 71.604686
5.742606 10.995286 44.834731 6.465171 219.993542 44.492198 -99.527277
6.478369 11.230316 44.856737 10.763383 103.199865 31.599856 126.232502
6.036027 10.961088 44.968122 11.726443 130.277771 36.110072 103.009220
5.972614 11.142983 44.851495 2.930878 325.564245 62.304429 -155.292483
5.639626 10.978299 44.858703 5.574356 353.390328 70.122852 73.944929
5.531831 10.990181 44.843871 7.887667 168.132937 85.716604 97.297674
6.529291 11.040163 45.031451 11.323074 111.666781 53.340650 54.969409
5.961153 11.183264 44.872371 11.320370 227.029424 49.453150 168.668500
6.359020 11.212560 44.811174 10.834422 96.985062 71.800833 -74.820666
5.677587 11.057921 44.896194 4.595907 107.285747 24.931525 83.418246
5.763515 10.927976 44.878173 9.964243 99.622916 31.093839 86.309660
5.806057 11.063497 44.859223 5.538908 116.545948 29.266250 102.328210
5.663016 10.950383 44.804215 4.646711 133.870659 28.550663 116.134936
5.823180 10.954864 44.858644 5.496447 122.337483 37.210891 89.966717
5.937151 11.137809 44.827908 7.085143 91.072800 54.295131 51.147126
6.170441 11.150375 44.890357 9.253568 191.214554 41.306046 117.449204
5.795996 11.039979 44.795499 9.432913 75.924293 66.591574 -55.069830
6.047710 11.123253 44.758085 9.042440 107.727002 27.771360 125.618117
5.586800 10.897228 44.823446 6.912262 59.678848 29.681815 53.944027
6.145649 11.043969 44.748162 12.734779 103.433130 45.596989 -145.570456
5.603865 11.107782 44.847803 7.631230 102.744090 84.155375 -152.276727
5.741597 10.984610 44.965029 10.538259 91.896408 23.045665 126.491623
5.822257 10.976503 44.780967 3.216433 102.822387 36.185955 133.783929
5.917360 10.994908 44.852919 13.534675 6.718971 88.964452 175.130391
5.941456 11.029677 44.888382 10.651016 97.916927 66.724437 -9.881440
5.769863 11.117012 44.812688 9.006888 128.715317 86.103830 -161.977229
5.815329 10.965753 44.903934 10.985663 58.586501 55.814349 -99.967637
6.281715 10.923639 44.798185 8.529046 294.360366 50.196243 -63.592488
6.056346 11.123947 44.900077 8.866465 239.757685 76.927787 154.016635
6.307414 10.999446 44.890915 5.031576 294.540330 51.763587 75.873676
5.368659 11.094562 44.864874 8.534960 159.341739 89.298882 -137.711298
5.922743 11.075685 44.815522 2.455936 98.499522 37.764050 109.554422
5.785100 10.931171 44.785198 5.639648 111.057294 28.211814 126.661260
6.021920 10.979322 44.864391 5.108818 100.735306 28.207179 131.340900
5.993454 11.116908 44.899638 15.295476 130.344283 32.325375 125.379829
5.888328 11.060676 44.889201 7.271155 111.421516 31.012899 46.165180
6.429775 11.009512 44.990713 7.265336 129.032604 37.352820 61.382286
5.581421 11.033512 44.849675 8.057695 60.379559 68.393149 124.926054
5.940740 10.960836 44.820962 12.799133 95.032522 26.534721 119.757288
5.578473 11.063734 44.854687 12.564581 36.852705 20.795353 116.718798
5.990620 11.091569 44.774012 13.188981 121.803352 34.909541 119.658177
6.281802 11.008307 44.659081 10.997449 167.173921 38.895299 77.641519
6.036387 11.179318 44.941837 10.306568 99.420089 38.349826 120.389052
6.129658 11.051500 44.857886 13.437118 109.498347 34.090273 66.861775
6.005871 10.989575 44.809125 5.854786 301.528065 65.979503 25.001518
5.806355 11.044890 44.867656 12.222813 94.193852 24.305185 129.086316
6.367724 11.252075 44.782945 12.332248 292.247906 79.343854 53.035014
5.947311 11.049370 44.774733 9.481702 335.079674 52.668527 52.294082
5.649899 11.108624 44.858168 5.756220 44.818559 82.924289 142.852517
6.040517 11.084506 44.898199 4.865012 97.707828 72.868415 166.643349
5.754590 11.062421 44.771165 6.882445 94.412444 49.353159 48.381407
5.785786 11.116854 44.908474 8.734494 108.548183 37.970722 63.155909
5.921648 10.926514 44.827141 11.277966 124.923699 35.002840 52.879973
6.025969 10.947661 44.843416 6.700930 57.377317 51.388288 93.759614
5.751525 11.143914 44.880592 10.683514 93.445038 57.743280 124.229129
5.817362 10.976140 44.719652 11.617456 91.371288 23.023974 126.427393
5.961265 11.140756 44.813570 11.079474 270.899231 47.555205 88.732275
5.942243 11.175999 44.964451 15.136139 104.804745 32.806142 47.912081
6.170335 11.213912 44.772598 13.520588 125.691164 53.704939 122.964870
5.551564 11.077783 44.851344 11.876347 101.157656 36.339663 104.209409
5.981128 11.123267 44.873300 13.122547 350.957058 63.842258 106.262826
6.334784 11.274533 44.759945 7.202339 96.007331 21.368838 65.851505
6.090729 11.021684 44.921370 6.513964 130.383931 40.366295 58.580656
5.459146 11.074713 44.858438 1.652260 102.917645 29.346481 47.520492
6.173149 11.026601 44.770763 14.250605 128.854752 22.403352 52.818363
5.668472 10.921641 44.903370 4.648647 81.210929 26.002057 111.387438
5.582953 11.106444 44.866904 12.681793 161.389369 38.665088 -63.025858
6.131059 10.746429 44.885397 9.765456 60.130043 29.951101 45.708539
6.316418 11.270222 44.812776 14.231464 76.222522 62.157090 37.376586
6.309088 11.281636 44.780871 13.198386 91.492010 57.642030 59.322989
5.979259 11.022103 44.680618 12.899081 100.631301 27.968563 78.225404
6.339714 10.971467 44.806100 9.615219 94.677900 29.309078 56.688765
5.972889 11.057214 44.833512 9.534070 132.237188 28.432317 86.574640
5.769700 10.926357 44.908677 6.329812 49.701865 27.897155 129.919323
5.935311 11.136826 44.952970 10.790068 98.798295 40.365207 131.770679
6.121519 11.129426 44.741179 9.942863 128.635329 29.559269 49.702340
5.759732 11.039096 44.845071 9.507085 110.331887 21.402291 70.477610
6.391466 11.021614 44.850918 5.905903 288.832667 58.057981 -45.042232
6.069325 10.886327 44.861694 8.822082 104.740820 56.557722 71.188564
6.048337 11.123108 44.709541 6.103404 271.483683 21.314397 110.041298
5.753653 10.998471 44.862100 9.659982 100.936933 27.873657 99.203491
5.836622 11.011781 44.807063 8.135940 164.338023 26.166835 -113.322323
5.780984 11.019831 44.872766 11.320948 124.011072 36.235773 125.714308
5.748839 10.966455 44.858921 10.702649 27.713820 17.589858 110.482623
5.568968 11.107933 44.832749 16.668294 119.535162 35.392697 89.402653
5.602970 10.979423 44.811659 4.050156 251.444427 40.557713 130.310819
6.299777 11.010492 44.812855 3.550740 102.594368 25.839726 90.289163
5.980135 11.191565 44.800942 11.731306 292.663099 26.188556 0.900681
6.295864 11.107258 44.886371 17.222631 103.264681 24.547650 73.873272
6.119874 11.240108 44.817611 3.135279 76.546897 79.811269 84.113785
6.134737 11.092926 44.756228 3.789467 113.296210 28.653062 108.144936
6.412932 11.264988 44.960473 4.025107 6.488129 21.098907 -54.591910
5.665193 10.970208 44.879192 9.693763 178.283627 55.991209 105.546937
6.038440 10.997569 44.866729 8.278929 133.285397 54.799508 96.675582
5.630379 11.106030 44.807041 9.795062 349.361838 17.133335 72.642250
5.988722 10.968976 44.781820 10.041811 131.461467 21.579855 65.475418
6.121450 11.158060 45.067908 6.208140 96.951549 84.189421 -177.717550
6.349869 10.969704 44.837543 4.356942 49.826450 32.874176 -47.011020
5.833966 11.087455 44.833755 8.986055 110.462396 20.414089 84.679857
5.808370 11.043401 44.856332 15.748147 93.284601 33.429842 47.165527
6.026379 11.015228 44.870648 3.563015 150.865575 31.530956 117.061923
5.872451 11.079744 44.869271 8.367067 131.868532 22.360209 63.145390
5.854119 11.127135 44.886423 6.828427 93.146131 10.245224 68.176151
5.106776 11.088043 44.822651 9.011374 131.935997 29.029752 75.244665
5.625893 11.034807 44.810664 9.698036 113.341306 31.905762 74.574734
6.659678 11.066903 44.842984 4.282900 109.476184 54.372949 118.534469
